2333.5
6370.0
3121.5
2747.5
4259.0
3392.5
3606.0
3446.5
4000.0
3214.0
2559.0
3427.0
3274.0
3725.0
2937.5
3111.0
2320.0
3760.5
3202.5
2990.0
2568.5
2820.5
3598.5
3611.5
4314.5
2560.0
3644.0
3913.5
3732.5
2400.5
2067.0
2862.5
2583.5
3621.5
2345.0
3765.0
3218.5
2998.0
6709.5
2337.5
2817.5
2633.5
2582.0
4307.5
2709.5
2233.5
1945.0
4244.5
1723.5
7586.0
3027.5
7354.5
3760.0
2571.0
2414.0
6618.5
2579.5
2039.5
8429.5
1994.5
2411.5
2500.5
2683.0
1972.5
4148.5
1955.5
2156.0
3107.0
3518.0
3542.0
1963.5
2395.5
3092.0
4881.5
2353.0
6542.5
3528.5
7533.0
2693.5
3900.0
2554.5
3843.0
2356.0
7779.0
2655.0
3139.5
2627.5
2988.0
3116.5
3089.0
2954.5
2804.0
7432.0
2708.5
6814.0
3302.0
4151.5
547.0
6631.0
4480.5
3491.5
2922.0
3652.0
4031.5
2812.5
3232.5
2673.5
2526.5
4216.5
2947.0
2820.0
3597.5
3027.5
3020.0
3649.5
1549.5
1395.0
3307.0
3564.5
3158.5
4457.0
6674.0
7746.5
3222.5
3160.0
3752.0
4508.5
2554.0
4173.5
3060.5
3262.0
3615.5
3310.5
3011.5
5788.0
3448.0
4064.5
2677.0
2553.0
2963.5
2808.5
6796.5
4129.5
1070.5
4077.5
3682.5
6369.5
2750.0
2553.0
4257.0
3617.5
3626.5
4299.0
2569.0
3630.0
3921.5
7274.5
2589.0
3063.5
1905.0
2931.0
3000.5
7451.5
2717.5
2803.0
3572.5
6814.5
4133.0
3801.0
6122.5
358.05
2663.5
6630.0
4500.5
3522.0
2937.5
3678.5
4016.0
2817.0
3240.5
2680.0
2588.5
2943.5
2817.0
3099.0
4865.5
2404.0
6586.5
3555.5
7531.5
2549.5
3801.5
2367.5
7779.0
3171.0
2642.5
3114.5
2667.5
6639.0
3019.0
2888.5
3692.5
3162.0
2984.5
2824.5
2687.5
6821.0
4140.0
3708.5
6402.5
3306.0
3023.5
5768.5
3460.0
4064.5
3785.0
6109.5
3395.5
4145.5
4533.0
3321.0
3137.0
2949.0
3284.0
3168.0
8128.0
8696.5
4050.0
4484.0
4022.0
2805.5
4880.5
2564.0
4165.5
3034.0
3252.0
3607.5
3795.0
6116.0
3400.5
4127.0
4524.5
3334.5
3155.0
2935.0
3294.5
3168.5
8108.5
8677.0
4019.0
2896.0
2866.0
3044.0
4016.0
2943.0
3467.5
3913.0
3897.0