68.5
52.0
24.0
45.0
128.5
66.5
70.0
48.5
48.5
61.0
65.0
50.5
65.0
52.0
41.5
67.0
71.5
58.5
64.0
65.0
74.5
78.5
53.5
102.0
78.0
73.0
30.0
47.0
85.5
58.5
79.5
62.0
70.0
71.0
45.0
82.0
143.5
149.5
150.0
155.5
105.5
74.5
45.0
75.5
38.0
69.0
34.5
92.0
59.0
64.0
70.0
62.5
76.0
135.0
70.0
114.0
66.5
122.0
41.5
66.5
77.5
107.0
71.0
66.5
52.0
42.5
58.5
78.0
72.0
50.5
89.5
69.0
78.5
64.5
64.0
140.5
237.5
65.0
67.5
68.5
62.0
38.0
76.5
34.5
59.5
55.5
62.0
60.5
66.0
66.5
61.5
62.0
56.0
74.5
18.0
66.5
71.0
59.5
65.0
98.5
64.0
65.0
56.0
78.0
63.0
250.5
67.5
54.0
64.0
107.5
131.5
124.5
57.0
81.0
55.5
70.0
125.5
77.5
70.0
130.5
138.5
79.0
49.5
79.0
66.5
45.0
67.0
54.0
74.0
78.0
74.5
79.0
47.0
63.0
71.5
78.5
58.0
130.0
34.5
74.5
65.0
71.0
70.5
71.5
58.5
66.0
73.0
55.0
104.5
48.5
67.5
69.0
55.5
87.5
50.5
90.5
64.0
81.0
30.0
64.0
58.5
78.0
66.0
36.0
59.5
68.5
57.0
79.5
66.5
90.5
72.0
78.0
95.5
70.0
67.0
59.0
82.0
74.0
54.0
55.0
125.5
58.5
77.5
62.0
66.0
45.0
70.5
57.0
96.0
64.0
70.0
75.5
136.5
63.0
74.5
78.5
201.0
67.5
63.0
52.0
123.0
75.0
70.0
68.5
70.0
68.5
90.5
86.0
78.0
63.0
71.0
59.0
66.5
82.0
57.0
48.5
147.5
59.5
64.0
54.0
78.0
71.0
67.5
50.5
74.5
62.0
42.0
78.0
66.5
72.0
79.5
45.0
58.5
59.0
67.5
67.0
81.0
71.0
66.0
73.0
66.5
76.5
77.5
63.0
61.5
74.0
70.0
57.0
115.0
130.0
74.0
18.0
66.5
66.5
68.0
78.5
24.0
47.0
76.0
60.5
36.0
63.0
70.5
59.5
52.0
64.0
59.0
61.0
60.5
47.0
55.0
38.0
57.5
66.5
58.5
60.5
62.0
73.0
57.0
42.0
73.0
63.0
62.0
63.0
45.0
78.0
58.5
70.0
72.5
36.0
64.0
71.0
81.0
114.5
74.0
67.0
68.5
74.5
78.0
43.5
78.5
78.0
66.0
104.5
59.5
77.5
116.5
152.5
42.0
70.0
78.5
71.0
74.0
79.5
58.5
71.0
71.5
73.0
63.0
72.0
70.0
70.0
72.5
41.5
42.0
56.0
61.5
27.5
66.0
61.5
63.0
107.0
55.0
61.5
59.5
62.0
70.0
59.0
67.5
34.5
66.0
78.0
68.0
59.5
53.0
63.0
74.0
71.0
44.0
70.0
70.0
65.0
57.0
56.0
124.0
54.0
62.0
52.5
132.5
64.0
70.0
64.0
121.0
77.5
66.5
63.0
31.0
77.5
86.0
62.0
73.0
70.5
94.0
44.0
52.0
62.0
69.5
48.5
47.0
69.0
72.0
54.0
70.5
72.0
42.0
95.0
110.0
66.5
148.0
67.5
70.5
80.0
50.5
225.0
69.0
71.0
69.5
44.0
94.5
59.5
62.0
63.0
38.0
79.0
81.0
82.5
201.5
69.5
78.0
59.5
61.5
60.5
56.0
55.5
62.0
63.0
69.5
83.0
65.5
108.5
63.0
76.0
75.5
110.5
52.0
65.0
74.5
231.5
68.5
68.0
63.0
78.0
64.0
78.0
42.5
58.5
67.5
60.5
66.0
85.0
132.5
83.0
58.5
74.0
51.5
58.5
69.5
69.5
68.5
63.0
78.5
78.0
74.5
45.0
41.5
76.0
58.5
87.0
70.0
63.0
72.0
66.5
82.0
34.5
65.5
77.5
78.0
55.5
59.5
61.0
67.5
66.5
63.0
67.5
56.0